ID	LAT	LON	DEPTH	X	Y	Z	EX	EY	EZ	YR	MO	DY	HR	SC	MI	MAG	NCCP	NCCS	NCTP	NCT	S    RCC	RCT	CID
920165340	40.861888	28.276085	8.339	1722.9	-1229.6	1789.8	25	22.2	58.1	2019	9	20	16	53	40.15	2.2	0	0	25	42	-9	0.054	1
447612	40.878464	28.224188	5.169	-2651.8	611.1	-1380.2	19.1	17	47.2	2019	9	22	3	9	37.36	2.5	0	0	245	206	-9	0.055	1
447624	40.878237	28.222313	5.33	-2809.9	585.8	-1220	25.3	19.7	54	2019	9	22	8	38	57.39	2.3	0	0	239	195	-9	0.057	1
922084242	40.880602	28.227867	4.183	-2341.7	848.4	-2366.9	18.9	14.5	45.2	2019	9	22	8	42	43.15	2.4	0	0	137	163	-9	0.06	1
447636	40.877574	28.225532	4.384	-2538.6	512.2	-2165.3	22.4	16.9	43.7	2019	9	22	12	7	10.29	1.9	0	0	115	106	-9	0.048	1
922153045	40.877697	28.218562	3.189	-3126.1	525.8	-3361	15.8	21.6	30.2	2019	9	22	15	30	46.22	2	0	0	65	51	-9	0.052	1
447734	40.879338	28.225042	6.279	-2579.9	708	-271	23.9	17.9	39.3	2019	9	24	7	30	50.07	3.1	0	0	263	158	-9	0.058	1
447733	40.877244	28.22151	1.676	-2877.6	475.5	-4873.3	19.2	18.9	21.6	2019	9	24	8	0	22.18	4.7	0	0	61	37	-9	0.051	1
447735	40.875403	28.232809	6.73	-1925.2	271.2	180.9	19	16.8	31.7	2019	9	24	8	12	18.92	1.7	0	0	140	190	-9	0.054	1
447736	40.889171	28.238375	1.875	-1455.8	1799.9	-4674.4	17.8	21.8	37.4	2019	9	24	8	17	17.16	1.9	0	0	54	35	-9	0.06	1
447737	40.899703	28.240402	3.695	-1284.9	2969.4	-2855	21.5	25.6	42.2	2019	9	24	8	19	35.77	1.8	0	0	8	4	-9	0.054	1
447738	40.887331	28.253814	2.276	-154.6	1595.6	-4273.1	25.8	34.7	40.2	2019	9	24	8	22	45.68	1.5	0	0	4	2	-9	0.054	1
447739	40.878061	28.223505	6.13	-2709.4	566.3	-419.2	21	15.5	50.9	2019	9	24	8	27	6.61	2.4	0	0	339	273	-9	0.058	1
924083251	40.875857	28.238759	8.605	-1423.6	321.5	2055.8	19.1	18.9	41.7	2019	9	24	8	32	52.12	2	0	0	41	38	-9	0.056	1
447743	40.874731	28.227213	6.796	-2397	196.5	246.2	16.4	15.9	31.8	2019	9	24	8	57	22.95	3.4	0	0	269	179	-9	0.062	1
447745	40.873126	28.222711	12.057	-2776.4	18.3	5507.5	37.3	21.6	124.7	2019	9	24	9	0	57.56	2	0	0	5	6	-9	0.044	1
447747	40.885281	28.222173	1.103	-2821.5	1368	-5446.6	19.3	21.4	46	2019	9	24	9	4	8.99	1.9	0	0	39	15	-9	0.056	1
447746	40.880997	28.229663	7.214	-2190.3	892.3	664.7	16.5	13.5	31.1	2019	9	24	9	16	45.97	2.1	0	0	173	132	-9	0.055	1
447749	40.872088	28.241737	5.385	-1172.6	-96.9	-1164.9	14	15.8	33.1	2019	9	24	9	59	17.9	2	0	0	85	88	-9	0.05	1
447748	40.881257	28.220285	6.464	-2980.8	921.2	-85.3	11.6	13.8	29.8	2019	9	24	10	11	8.04	2.7	0	0	241	265	-9	0.06	1
447751	40.870491	28.244642	3.923	-927.8	-274.3	-2626.3	17.6	17.7	20.2	2019	9	24	10	23	9.11	2.9	0	0	137	80	-9	0.058	1
447752	40.869703	28.268418	3.547	1076.5	-361.8	-3002.7	18.1	24.7	36.5	2019	9	24	10	43	18.54	1.7	0	0	3	27	-9	0.05	1
447753	40.869433	28.245029	4.945	-895.1	-391.8	-1604.6	14.8	13	34.7	2019	9	24	10	56	53.03	2.3	0	0	181	151	-9	0.056	1
447755	40.883441	28.220761	9.819	-2940.6	1163.7	3268.9	20.4	21.4	49.8	2019	9	24	11	0	36.31	2.2	0	0	109	77	-9	0.058	1
924111915	40.874498	28.244239	7.815	-961.7	170.6	1265.1	18.4	17.9	36.2	2019	9	24	11	19	16.07	3.4	0	0	172	86	-9	0.053	1
924112246	40.88255	28.228411	8.092	-2295.8	1064.8	1542.3	19.7	15.4	61	2019	9	24	11	22	47.69	2	0	0	97	126	-9	0.053	1
447756	40.879145	28.217856	6.482	-3185.6	686.7	-67.8	13.4	13.4	24.4	2019	9	24	11	32	34.95	2.5	0	0	226	211	-9	0.056	1
924113257	40.867442	28.248734	6.376	-582.9	-612.9	-173.7	21.6	29.5	63.6	2019	9	24	11	32	57.67	2.2	0	0	45	55	-9	0.057	1
447757	40.869312	28.228965	3.605	-2249.3	-405.2	-2944.6	26.7	20.6	31.9	2019	9	24	11	56	33.13	2	0	0	39	43	-9	0.061	1
447761	40.883855	28.233626	2.44	-1856.2	1209.7	-4109.1	17.1	15.7	35.3	2019	9	24	12	42	40.18	2	0	0	70	78	-9	0.055	1
447762	40.879373	28.23178	9.552	-2011.9	712	3002.5	50.9	33.2	94.9	2019	9	24	13	9	52.17	2.2	0	0	8	5	-9	0.044	1
447767	40.878436	28.218299	6.428	-3148.3	607.9	-121.7	15.4	17	36.6	2019	9	24	13	53	17.64	2.6	0	0	358	261	-9	0.056	1
447774	40.878422	28.230849	2.132	-2090.4	606.4	-4417.8	24.2	20.3	24.3	2019	9	24	15	5	11.2	2.4	0	0	100	80	-9	0.052	1
447777	40.878949	28.221076	3.09	-2914.2	664.8	-3459.3	15.3	17.8	40	2019	9	24	15	47	2.88	2	0	0	110	93	-9	0.051	1
447779	40.87003	28.240296	3.727	-1294.2	-325.5	-2822.1	15.2	16.6	32.6	2019	9	24	18	3	22.52	1.6	0	0	70	58	-9	0.057	1
924185946	40.880578	28.231402	3.418	-2043.7	845.7	-3132	15	12.9	49.5	2019	9	24	18	59	47.32	1.7	0	0	43	84	-9	0.055	1
924200900	40.873013	28.236794	7.544	-1589.3	5.8	994.5	19	20.7	41.2	2019	9	24	20	9	1	1.7	0	0	74	126	-9	0.058	1
924205733	40.868187	28.24035	6.716	-1289.6	-530.2	166.5	32.8	28	50.8	2019	9	24	20	57	33.6	1.9	0	0	84	80	-9	0.057	1
447795	40.870327	28.230496	8.601	-2120.3	-292.5	2052.5	25.2	21.8	55.3	2019	9	24	21	47	57.26	1.5	0	0	16	28	-9	0.039	1
447793	40.878987	28.218658	5.149	-3118	669.1	-1400.3	27.4	20.1	49.1	2019	9	24	22	9	27.32	2	0	0	17	28	-9	0.057	1
925025710	40.877631	28.231391	2.115	-2044.7	518.5	-4434.5	27.7	21.8	32.9	2019	9	25	2	57	10.85	1.5	0	0	50	50	-9	0.046	1
447810	40.876729	28.256256	2.917	51.3	418.3	-3632.4	21.4	18.4	25.6	2019	9	25	4	9	24.88	1.6	0	0	63	70	-9	0.051	1
447841	40.88577	28.247251	3.595	-707.8	1422.2	-2954.1	32.9	33.5	52.5	2019	9	25	10	24	55.33	1.8	0	0	46	56	-9	0.065	1
447847	40.878401	28.217334	3.7	-3229.6	604	-2849.9	22.2	18.6	48	2019	9	25	13	7	59.44	3.4	0	0	51	46	-9	0.055	1
447853	40.885247	28.21818	0.947	-3158.1	1364.2	-5602.9	19.6	20.9	13	2019	9	25	14	27	59.53	1.9	0	0	27	26	-9	0.06	1
447857	40.881385	28.220277	7.018	-2981.4	935.4	468.6	13.1	12.9	32.3	2019	9	25	15	36	10.73	3	0	0	308	238	-9	0.058	1
447859	40.880337	28.224482	6.729	-2627	819	179.4	15.1	16.9	36.3	2019	9	25	16	0	4.77	2.8	0	0	301	291	-9	0.057	1
447881	40.888188	28.226315	5.957	-2472.3	1690.8	-592.2	11.7	12	29.2	2019	9	25	23	43	38.32	1.7	0	0	101	126	-9	0.052	1
447913	40.876104	28.226887	8.863	-2424.4	348.9	2313.9	32.5	28.7	61.5	2019	9	26	7	32	7.28	3.8	0	0	97	61	-9	0.056	1
926075246	40.879175	28.225252	4.926	-2562.2	690	-1623.9	24.5	22.5	35.3	2019	9	26	7	52	46.99	2.5	0	0	280	205	-9	0.058	1
926082708	40.879521	28.213638	6.079	-3541.1	728.4	-470.5	33.7	20.1	59.7	2019	9	26	8	27	8.91	2.3	0	0	155	121	-9	0.064	1
447920	40.873913	28.246971	6.858	-731.4	105.6	308.5	17.1	24.2	39	2019	9	26	9	0	17.07	3.1	0	0	139	68	-9	0.057	1
447923	40.885033	28.21348	7.741	-3554.3	1340.5	1191.9	18	20.5	32.5	2019	9	26	10	59	25.36	5.8	0	0	78	39	-9	0.059	1
926110438	40.887775	28.230442	10.63	-2124.5	1644.9	4079.9	34.8	36	107.7	2019	9	26	11	4	39.52	2.4	0	0	37	26	-9	0.065	1
926110509	40.874576	28.252235	1.55	-287.7	179.3	-4999.4	36.4	31.8	40.1	2019	9	26	11	5	10.41	2.2	0	0	27	23	-9	0.059	1
926110610	40.882538	28.237966	3.574	-1490.4	1063.4	-2975.6	18.9	17.1	34.7	2019	9	26	11	6	12.07	2.1	0	0	47	59	-9	0.049	1
926110752	40.870974	28.258791	3.247	265	-220.6	-3302.1	21.5	21	31.5	2019	9	26	11	7	54.73	2.1	0	0	18	50	-9	0.048	1
447924	40.866962	28.300332	6.655	3766.9	-666.2	105.3	14.5	15.3	23.9	2019	9	26	11	8	59.98	3	0	0	221	192	-9	0.056	1
447927	40.873831	28.278729	1.786	1945.6	96.5	-4763.4	24.8	28.2	37.6	2019	9	26	11	11	35.25	3.9	0	0	87	60	-9	0.058	1
447935	40.868079	28.294703	3.803	3292.3	-542.1	-2746.8	16	17	24.3	2019	9	26	11	13	24.78	2.5	0	0	135	95	-9	0.061	1
926111424	40.886387	28.210457	8.561	-3809	1490.8	2011.4	17.8	14.2	30	2019	9	26	11	14	25.22	2.7	0	0	180	197	-9	0.06	1
447928	40.880973	28.272184	6.649	1393.9	889.6	99.2	15.7	22.5	47	2019	9	26	11	19	55.44	3.2	0	0	158	105	-9	0.051	1
447929	40.884572	28.228522	6.486	-2286.4	1289.2	-64.1	11.7	14.1	26.7	2019	9	26	11	21	17.5	2.6	0	0	219	242	-9	0.058	1
447930	40.882081	28.236322	4.59	-1629	1012.7	-1959.5	17.3	18	33.2	2019	9	26	11	22	55.61	2.3	0	0	162	127	-9	0.055	1
447932	40.853241	28.262307	0.624	561.4	-2189.8	-5925.2	70.2	62.8	46	2019	9	26	11	23	52.83	2.4	0	0	3	2	-9	0.058	1
447925	40.867809	28.29929	8.471	3679	-572.2	1921.1	27.1	39.6	54.7	2019	9	26	11	26	37.02	4.4	0	0	17	9	-9	0.053	1
447942	40.867309	28.278215	6.452	1902.4	-627.7	-97.6	23.2	14.9	30.2	2019	9	26	11	28	47.26	2.9	0	0	249	187	-9	0.059	1
447944	40.880853	28.265914	7.891	865.4	876.3	1341.9	24.6	21.7	46.7	2019	9	26	11	29	15.07	3.1	0	0	119	82	-9	0.06	1
447931	40.882904	28.226097	7.147	-2490.8	1104.1	597.8	13.7	18.6	36.3	2019	9	26	11	31	52.21	3.1	0	0	244	242	-9	0.059	1
447933	40.88386	28.219606	9.86	-3037.9	1210.2	3310.1	22.3	20.3	32.4	2019	9	26	11	34	3.88	3.2	0	0	65	47	-9	0.057	1
447940	40.886296	28.219552	8.403	-3042.5	1480.7	1853	25.3	22.9	43.6	2019	9	26	11	35	48.75	2	0	0	156	107	-9	0.058	1
926113817	40.879964	28.210908	13.44	-3771.2	777.6	6890	20.3	19	39.6	2019	9	26	11	38	17.27	2.1	0	0	6	5	-9	0.032	1
447943	40.880359	28.211472	3.504	-3723.7	821.4	-3045.7	20.3	19.1	23.2	2019	9	26	11	39	12.19	1.9	0	0	38	56	-9	0.049	1
447938	40.873618	28.293153	7.679	3161.5	72.9	1128.9	16.7	23.4	33.4	2019	9	26	11	42	56.62	2.6	0	0	86	92	-9	0.06	1
447939	40.860723	28.29597	4.857	3399.3	-1358.9	-1693	18.9	25.2	41.3	2019	9	26	11	45	35.15	2.5	0	0	162	131	-9	0.061	1
447941	40.871067	28.299927	1.492	3732.6	-210.4	-5057.8	20.8	18.3	23.3	2019	9	26	11	51	26.49	2.3	0	0	114	130	-9	0.059	1
447945	40.878519	28.223811	4.83	-2683.7	617.2	-1719.7	21.3	17.1	30.8	2019	9	26	11	53	46.55	2	0	0	92	70	-9	0.056	1
447948	40.88573	28.216154	6.914	-3328.8	1417.8	364.9	23	19.5	46.4	2019	9	26	11	58	44.97	1.9	0	0	127	167	-9	0.061	1
447946	40.876588	28.265645	5.035	842.7	402.7	-1514.9	18.5	19.9	50.5	2019	9	26	12	0	26.12	2.3	0	0	76	53	-9	0.067	1
448279	40.871407	28.310809	3.436	4650	-172.6	-3113.5	16	15	19.9	2019	9	26	12	3	46.6	2.3	0	0	315	182	-9	0.058	1
447950	40.877788	28.224312	6.935	-2641.4	536	385.4	9.9	11.8	21.5	2019	9	26	12	4	20.55	2.7	0	0	282	293	-9	0.06	1
448278	40.86572	28.258691	4.652	256.6	-804.1	-1898	18.8	27.3	47.1	2019	9	26	12	9	17.45	2.2	0	0	37	42	-9	0.055	1
447949	40.878697	28.270092	9.297	1217.5	636.9	2747.6	31.2	27	56.5	2019	9	26	12	17	10.04	3.9	0	0	20	16	-9	0.05	1
926122105	40.879996	28.216766	5.379	-3277.5	781.1	-1170.1	19.7	14	42.3	2019	9	26	12	21	5.94	1.7	0	0	172	159	-9	0.053	1
926122239	40.879576	28.237152	5.63	-1559.1	734.5	-919.6	14.7	14.8	31.9	2019	9	26	12	22	40.04	2.2	0	0	236	155	-9	0.058	1
447951	40.859537	28.287132	5.309	2654.2	-1490.6	-1241.1	27.3	26.9	51.6	2019	9	26	12	26	11.56	3.9	0	0	212	143	-9	0.057	1
447953	40.874912	28.298944	1.042	3649.6	216.6	-5507.2	28.9	27.2	25.4	2019	9	26	12	31	6.74	1.8	0	0	108	59	-9	0.058	1
447954	40.876408	28.268846	3.853	1112.5	382.7	-2696.3	26.6	27.5	47.5	2019	9	26	12	41	59.65	1.9	0	0	23	23	-9	0.058	1
926125045	40.866125	28.295896	6.064	3393	-759.1	-486	25.3	21.6	30.1	2019	9	26	12	50	46.96	1.6	0	0	73	70	-9	0.064	1
447957	40.872797	28.255872	7.09	18.9	-18.2	540	14.9	15.9	29.8	2019	9	26	12	52	10.76	2.4	0	0	146	142	-9	0.056	1
926125353	40.896446	28.304416	7.662	4110.3	2607.8	1112.2	10.5	11.8	34	2019	9	26	12	53	53.98	1.6	0	0	13	20	-9	0.047	1
447955	40.881954	28.227746	8.646	-2351.9	998.5	2096.2	20.6	18.4	41.7	2019	9	26	12	59	0.63	3.7	0	0	247	209	-9	0.061	1
926131017	40.879313	28.22592	8.193	-2505.8	705.3	1643.1	14	24	48.9	2019	9	26	13	10	17.78	1.8	0	0	90	182	-9	0.059	1
447961	40.86799	28.287382	14.951	2675.2	-552.1	8400.9	43.4	53.3	100	2019	9	26	13	17	45.8	1.7	0	0	2	3	-9	0.007	1
447962	40.866869	28.297744	3.851	3548.7	-676.5	-2698.5	13.4	16.6	32.1	2019	9	26	13	22	45.41	2.5	0	0	284	208	-9	0.059	1
447964	40.878659	28.259717	7.833	343	632.7	1283	15.6	16.4	34.3	2019	9	26	13	25	44.86	2.3	0	0	165	128	-9	0.06	1
447963	40.882679	28.267614	7.115	1008.7	1079.1	565.4	16.8	19.4	32.3	2019	9	26	13	25	45	2.1	0	0	178	132	-9	0.052	1
447965	40.880104	28.213361	9.052	-3564.5	793.1	2502.8	20.3	19.1	41.1	2019	9	26	13	33	44.55	3.3	0	0	205	154	-9	0.061	1
447967	40.891296	28.230773	3.224	-2096.5	2035.9	-3325.2	18.1	16.6	24.5	2019	9	26	13	43	32.75	2	0	0	58	69	-9	0.056	1
447968	40.870031	28.27504	7.797	1634.7	-325.4	1247.7	29.1	28.9	52.5	2019	9	26	13	44	37.96	3.3	0	0	176	102	-9	0.062	1
448283	40.886865	28.232129	5.828	-1982.3	1543.9	-721.2	23.4	20.7	63.1	2019	9	26	13	48	16.39	1.7	0	0	58	141	-9	0.051	1
448285	40.884059	28.241309	3.699	-1208.6	1232.3	-2850.4	32.2	28.5	38.9	2019	9	26	13	48	38.71	1.8	0	0	19	22	-9	0.045	1
926135427	40.856926	28.284561	6.918	2437.6	-1780.6	368.2	44.4	30.7	69.6	2019	9	26	13	54	28.03	1.6	0	0	7	15	-9	0.065	1
447969	40.880408	28.209261	7.497	-3910	826.9	947.3	15	15.5	30.5	2019	9	26	13	57	1.73	3.4	0	0	277	199	-9	0.059	1
447970	40.88952	28.207406	9.054	-4066.1	1838.7	2504	20.5	21.7	52	2019	9	26	14	1	57.09	2.7	0	0	130	105	-9	0.061	1
926140413	40.86788	28.228794	4.83	-2263.8	-564.3	-1719.6	28.4	37	57.8	2019	9	26	14	4	14.69	1.6	0	0	27	22	-9	0.055	1
447971	40.874956	28.256312	6.993	56	221.4	443.6	16.9	17.5	36.9	2019	9	26	14	7	51.96	2.9	0	0	248	187	-9	0.059	1
447972	40.875037	28.252757	7.25	-243.7	230.4	699.9	15.5	15.3	33.1	2019	9	26	14	10	38.73	2.6	0	0	161	137	-9	0.056	1
447973	40.864313	28.294683	1.982	3290.7	-960.3	-4568	16.5	17.4	22.2	2019	9	26	14	14	59.74	1.8	0	0	186	111	-9	0.059	1
926141956	40.872838	28.305892	1.238	4235.4	-13.7	-5311.6	22.9	23.9	20.5	2019	9	26	14	19	56.58	1.6	0	0	75	101	-9	0.054	1
447975	40.882583	28.210454	6.01	-3809.4	1068.4	-539.5	23.7	13.6	47.1	2019	9	26	14	26	43.27	1.6	0	0	156	124	-9	0.057	1
447977	40.863296	28.289752	3.333	2875.1	-1073.2	-3216.8	23	18.7	27.3	2019	9	26	14	48	5.31	2.1	0	0	179	125	-9	0.062	1
926145219	40.881448	28.274211	5.51	1564.7	942.3	-1039.8	18.8	24.3	43.3	2019	9	26	14	52	20.6	1.7	0	0	60	73	-9	0.054	1
447979	40.88702	28.213043	7.421	-3591.1	1561	871.5	14.6	27.3	48.7	2019	9	26	14	55	37.94	1.5	0	0	126	119	-9	0.057	1
447978	40.883518	28.234467	6.069	-1785.3	1172.2	-480.3	16.8	18.3	48.1	2019	9	26	14	56	48.87	1.7	0	0	186	184	-9	0.059	1
447981	40.895325	28.283565	8.922	2352.9	2483.3	2372.4	16.5	15.8	33.8	2019	9	26	15	4	58.13	2.1	0	0	6	11	-9	0.049	1
447982	40.873771	28.298446	2.251	3607.7	89.9	-4298.5	19	17.4	24.7	2019	9	26	15	6	44.86	1.5	0	0	193	182	-9	0.055	1
447983	40.88169	28.256994	1.856	113.5	969.2	-4693.7	26.8	20.5	26.4	2019	9	26	15	13	10.88	1.6	0	0	56	73	-9	0.06	1
926151400	40.880869	28.225942	5.993	-2503.9	878.1	-556.1	17.8	16.3	34.8	2019	9	26	15	14	1.64	1.6	0	0	56	72	-9	0.051	1
447984	40.86884	28.297587	1.964	3535.5	-457.7	-4585.4	17.6	15.4	24.6	2019	9	26	15	18	23.62	2	0	0	333	197	-9	0.058	1
447985	40.885591	28.20294	9.566	-4442.6	1402.4	3016.8	17.3	15	32.1	2019	9	26	15	23	2.18	2	0	0	113	91	-9	0.06	1
447987	40.875728	28.253722	4.99	-162.3	307.2	-1559.4	16.1	15.6	31.4	2019	9	26	15	25	32.01	2.1	0	0	75	94	-9	0.054	1
447988	40.84981	28.266151	5.757	885.5	-2570.8	-792.7	37	35.6	61.9	2019	9	26	15	28	6.59	2	0	0	12	13	-9	0.053	1
448296	40.876669	28.311137	1.474	4677.4	411.7	-5075.3	27.8	22.9	42.5	2019	9	26	15	31	16.38	1.9	0	0	100	84	-9	0.051	1
447991	40.855691	28.273667	6.159	1519.1	-1917.7	-390.4	17.7	18.2	37	2019	9	26	15	38	53.71	2.6	0	0	82	52	-9	0.056	1
447990	40.856	28.262427	10.785	571.5	-1883.4	4235.5	32.8	32.7	66.3	2019	9	26	15	39	22.03	3.5	0	0	16	17	-9	0.063	1
447992	40.85962	28.278274	7.356	1907.5	-1481.5	806.2	30.4	28.3	45	2019	9	26	15	50	39.06	2.6	0	0	139	80	-9	0.062	1
447993	40.862156	28.290339	3.905	2924.6	-1199.9	-2644.3	17.2	15.4	29.6	2019	9	26	15	52	19.91	2.4	0	0	203	155	-9	0.06	1
447995	40.877029	28.26824	3.201	1061.4	451.7	-3348.9	40.7	25.7	32	2019	9	26	16	3	10.49	1.6	0	0	55	53	-9	0.053	1
447996	40.895778	28.212837	5.316	-3608.2	2533.5	-1233.1	29.8	27.5	57.1	2019	9	26	16	3	52.5	1.9	0	0	44	49	-9	0.061	1
447997	40.876296	28.227204	6.919	-2397.6	370.2	369.9	20.9	15.8	44.7	2019	9	26	16	4	53.97	1.6	0	0	83	101	-9	0.056	1
447999	40.873908	28.302025	5.873	3909.4	105.1	-676.7	20.4	17.2	37.4	2019	9	26	16	12	30.23	1.7	0	0	123	119	-9	0.056	1
926161730	40.851851	28.247296	0.593	-704.1	-2344.1	-5956.7	69.7	63.2	46	2019	9	26	16	17	31.77	1.8	0	0	3	2	-9	0.058	1
448002	40.857442	28.282069	15.173	2227.5	-1723.3	8623.1	30.1	67.7	155	2019	9	26	16	23	45.1	1.8	0	0	3	4	-9	0.031	1
448000	40.867294	28.296	1.559	3401.7	-629.4	-4990.5	28.4	24.5	31.7	2019	9	26	16	26	16.53	1.8	0	0	253	205	-9	0.057	1
448005	40.887958	28.321852	3.944	5580.2	1665.3	-2606	20.5	21	27.6	2019	9	26	16	35	26.31	3	0	0	27	16	-9	0.06	1
448006	40.886994	28.221398	9.517	-2886.8	1558.2	2967.7	26	25.9	40.5	2019	9	26	16	45	14.16	1.6	0	0	8	20	-9	0.054	1
448007	40.86615	28.304052	6.007	4080.5	-756.3	-543	15.2	16	38.5	2019	9	26	16	49	20.44	2.3	0	0	145	160	-9	0.056	1
448008	40.883914	28.243073	7.518	-1059.9	1216.2	968.8	22.6	23.7	37.1	2019	9	26	16	51	8.23	1.7	0	0	49	63	-9	0.054	1
448009	40.869675	28.30311	1.651	4001	-364.9	-4898.5	24.1	23	28.5	2019	9	26	16	51	59.31	1.7	0	0	162	61	-9	0.056	1
448010	40.881167	28.220026	6.164	-3002.6	911.1	-386	13.9	13.9	28	2019	9	26	17	0	49.36	1.9	0	0	153	192	-9	0.055	1
448011	40.870458	28.321262	3.669	5531.2	-278	-2880.5	15.5	20.7	30.1	2019	9	26	17	3	31.84	2.2	0	0	149	109	-9	0.061	1
448012	40.875912	28.213854	2.329	-3523	327.7	-4220.4	21.3	18.6	30.7	2019	9	26	17	16	34.28	1.5	0	0	50	49	-9	0.055	1
926172325	40.875687	28.254023	2.328	-137	302.7	-4221.3	27.5	21.3	31.6	2019	9	26	17	23	28.6	1.5	0	0	60	68	-9	0.052	1
448013	40.870815	28.27617	7.034	1730	-238.4	484	21.3	23.7	46.4	2019	9	26	17	26	31.4	1.5	0	0	88	76	-9	0.055	1
448014	40.881141	28.267136	2.677	968.4	908.3	-3872.9	21.9	18.8	25.1	2019	9	26	17	31	32.18	1.7	0	0	16	46	-9	0.042	1
448015	40.88242	28.234919	7.495	-1747.3	1050.2	945.4	26.6	29.5	56.2	2019	9	26	17	36	21.4	1.7	0	0	16	24	-9	0.06	1
448016	40.884377	28.222652	3.262	-2781.2	1267.6	-3287.3	17.5	17	24.9	2019	9	26	17	41	27.12	1.6	0	0	72	71	-9	0.056	1
448305	40.889655	28.222846	6.004	-2764.7	1853.7	-546	18.7	17	37	2019	9	26	17	58	50.16	2.1	0	0	74	145	-9	0.058	1
448304	40.869324	28.308413	4.9	4448	-403.9	-1649.3	21.7	18.7	62.6	2019	9	26	17	59	22.04	1.5	0	0	50	102	-9	0.063	1
448023	40.864854	28.295955	4.728	3397.9	-900.3	-1821.2	19.7	17.8	36.2	2019	9	26	18	6	23.32	2	0	0	75	47	-9	0.053	1
448348	40.878037	28.250124	2.981	-465.6	563.6	-3568.9	18.7	18.2	25.2	2019	9	26	18	11	31	1.5	0	0	59	52	-9	0.048	1
448025	40.890907	28.209849	2.948	-3860.2	1992.8	-3601.4	7.3	5.4	13.9	2019	9	26	18	20	52.72	2.5	0	0	1	5	-9	0.035	1
448308	40.884132	28.252291	1.438	-282.9	1240.4	-5111.1	29.2	21.5	32.8	2019	9	26	18	22	15.96	1.7	0	0	31	24	-9	0.044	1
448026	40.866189	28.303956	5.624	4072.4	-752	-925.5	15.3	14.6	30.7	2019	9	26	18	26	44.12	2.5	0	0	233	182	-9	0.056	1
448027	40.879229	28.279098	2.524	1976.7	696	-4025.4	24	21	23.2	2019	9	26	18	30	55.1	1.5	0	0	36	47	-9	0.044	1
448028	40.876269	28.248472	3.698	-604.9	367.2	-2851.8	23.8	20.8	35.8	2019	9	26	18	38	18.02	1.6	0	0	70	80	-9	0.052	1
448029	40.889778	28.211917	9.193	-3685.9	1867.4	2643.2	14.2	17.8	37.1	2019	9	26	18	38	52.24	1.6	0	0	64	99	-9	0.052	1
448030	40.863073	28.303876	3.288	4065.8	-1098	-3261.6	27.7	27	43.4	2019	9	26	18	39	54.44	1.6	0	0	203	124	-9	0.063	1
448032	40.872886	28.272583	6.638	1427.6	-8.4	88.2	44.2	46	80.7	2019	9	26	18	41	29.56	1.6	0	0	4	9	-9	0.053	1
448034	40.868398	28.288739	8.906	2789.5	-506.7	2356.5	19.7	16.9	30.1	2019	9	26	18	50	38.36	1.6	0	0	30	36	-9	0.056	1
448038	40.880871	28.221658	7.332	-2865.1	878.3	782.7	16.7	12.9	32.6	2019	9	26	19	9	59.84	2.4	0	0	303	252	-9	0.058	1
448040	40.88086	28.224943	7.694	-2588.2	877	1144.4	12.9	9.5	21.6	2019	9	26	19	19	57.3	2.2	0	0	354	273	-9	0.057	1
448042	40.871689	28.308887	1.865	4487.9	-141.3	-4684.4	30.5	24.5	28.3	2019	9	26	19	38	0.76	1.7	0	0	182	121	-9	0.06	1
448043	40.86993	28.29254	6.771	3110	-336.6	221.1	16.8	17.1	27.1	2019	9	26	19	43	49.42	2	0	0	163	215	-9	0.056	1
448047	40.884035	28.22614	6.377	-2487.2	1229.7	-172.8	18.6	16.7	33.8	2019	9	26	19	45	46.8	2.1	0	0	82	111	-9	0.056	1
448049	40.87017	28.277385	7.188	1832.4	-309.9	638.8	29.4	34.3	69.6	2019	9	26	19	51	5.72	1.6	0	0	7	13	-9	0.048	1
448050	40.876862	28.228979	6.471	-2248	433.2	-78.5	17.2	16.4	39	2019	9	26	19	56	6.24	1.6	0	0	176	310	-9	0.056	1
448045	40.873093	28.306139	6.787	4256.2	14.6	237.7	22.7	20.7	41.9	2019	9	26	20	2	41.2	3.8	0	0	141	95	-9	0.061	1
926200450	40.858487	28.276977	6.792	1798.2	-1607.2	242.9	28	23.1	33.9	2019	9	26	20	4	52.14	1.8	0	0	84	98	-9	0.058	1
448048	40.881758	28.242222	8.512	-1131.7	976.7	1962.3	14.8	20.1	36.5	2019	9	26	20	6	22.04	2.2	0	0	116	81	-9	0.059	1
926200753	40.881747	28.23557	2.761	-1692.4	975.6	-3788.9	17.7	14	21.9	2019	9	26	20	7	54.64	1.5	0	0	77	64	-9	0.054	1
926201521	40.881961	28.213817	4.81	-3525.9	999.3	-1739.3	21.1	13.6	36.5	2019	9	26	20	15	22.04	2	0	0	116	108	-9	0.057	1
448046	40.871452	28.248069	6.791	-638.9	-167.6	241.3	14.3	20	34.8	2019	9	26	20	20	19.22	4.2	0	0	177	91	-9	0.059	1
448356	40.868442	28.267225	1.869	975.9	-501.8	-4681.1	31	27	30.4	2019	9	26	20	26	22.2	1.8	0	0	73	73	-9	0.06	1
448052	40.883187	28.222099	7.628	-2827.9	1135.5	1077.9	14.6	11.2	25.1	2019	9	26	20	30	53.88	1.9	0	0	212	209	-9	0.056	1
926203620	40.869449	28.222995	2.649	-2752.6	-390.1	-3900.8	19.1	19	24.6	2019	9	26	20	36	22.28	1.5	0	0	49	30	-9	0.055	1
448359	40.868337	28.286638	5.49	2612.5	-513.5	-1060	26.6	23.2	67.8	2019	9	26	20	40	54.48	1.4	0	0	19	43	-9	0.054	1
448053	40.870585	28.308585	0.994	4462.5	-263.8	-5555.3	20.9	25.1	12.4	2019	9	26	20	46	19.54	1.5	0	0	132	114	-9	0.057	1
448056	40.863095	28.292951	5.128	3144.8	-1095.6	-1421.7	21.5	22.5	49.8	2019	9	26	20	57	13.84	1.6	0	0	106	132	-9	0.058	1
448058	40.894119	28.294523	7.533	3276.5	2349.4	983.7	11.2	12.2	36.6	2019	9	26	20	58	42.4	1.6	0	0	7	23	-9	0.042	1
448365	40.879031	28.238486	5.912	-1446.6	674	-637.5	14.9	13.4	34	2019	9	26	21	0	56.58	1.9	0	0	191	96	-9	0.054	1
448057	40.878998	28.241865	5.266	-1161.8	670.3	-1283.9	13.1	13.8	32.2	2019	9	26	21	0	56.62	1.9	0	0	208	191	-9	0.055	1
448060	40.867056	28.308668	2.099	4469.6	-655.8	-4451	17.5	16	24.7	2019	9	26	21	21	57.8	1.6	0	0	191	141	-9	0.055	1
448059	40.858944	28.281079	7.36	2143.9	-1556.5	810.4	24.6	22.3	41.2	2019	9	26	21	23	45.6	2.2	0	0	147	99	-9	0.057	1
448062	40.881213	28.216603	9.174	-3291.1	916.2	2624.3	16.8	15.1	33.5	2019	9	26	21	42	19.36	2.2	0	0	246	202	-9	0.056	1
448063	40.8706	28.300433	2.468	3775.3	-262.2	-4081.9	20.7	19.2	25.3	2019	9	26	21	45	54.36	2.1	0	0	438	290	-9	0.057	1
448385	40.864982	28.300494	3.814	3780.6	-886	-2735.3	32.4	34.1	48.1	2019	9	26	21	46	59.12	1.8	0	0	131	107	-9	0.062	1
448388	40.867171	28.286174	9.796	2573.3	-643	3246.1	24.7	22.4	47.2	2019	9	26	21	46	59.18	1.8	0	0	22	18	-9	0.064	1
448064	40.870644	28.303573	2.642	4040	-257.4	-3907.1	21.2	16	22.5	2019	9	26	21	49	3.2	2.5	0	0	437	244	-9	0.055	1
448065	40.87948	28.229858	7.753	-2173.9	723.8	1203.3	15.8	15.1	29.7	2019	9	26	21	51	9.44	1.8	0	0	318	259	-9	0.059	1
448066	40.862778	28.290073	5.619	2902.1	-1130.7	-930.6	15.6	16.1	36.1	2019	9	26	22	2	18	2.7	0	0	182	158	-9	0.055	1
448067	40.870933	28.317357	1.899	5201.9	-225.3	-4650.3	22.7	21.5	25.3	2019	9	26	22	4	40.36	2	0	0	114	90	-9	0.062	1
926222836	40.857214	28.30096	2.757	3820.1	-1748.6	-3792.8	24.2	20.4	33.9	2019	9	26	22	12	11.12	1.8	0	0	145	131	-9	0.053	1
926222952	40.887595	28.212169	8.427	-3664.7	1624.9	1877.7	15.4	16.3	29.6	2019	9	26	22	28	37.84	1.8	0	0	115	148	-9	0.06	1
926224003	40.88473	28.236447	5.332	-1618.4	1306.8	-1217.5	23.1	13.6	42.1	2019	9	26	22	29	53.52	1.4	0	0	62	51	-9	0.051	1
448332	40.885019	28.224419	4.224	-2632.3	1338.9	-2325.5	15.7	12.9	48.6	2019	9	26	22	40	4.28	1.5	0	0	58	77	-9	0.056	1
926225235	40.86621	28.310967	2.766	4663.4	-749.7	-3783.6	16.5	13.8	19.2	2019	9	26	22	40	46.52	1.5	0	0	182	121	-9	0.052	1
448068	40.876138	28.268565	1.63	1088.9	352.7	-4919.2	17	16.6	33.9	2019	9	26	22	52	36.74	2.2	0	0	94	90	-9	0.057	1
926231023	40.855327	28.282473	14.222	2261.6	-1958.1	7672.7	48.6	51.5	124.7	2019	9	26	23	10	25.64	1.4	0	0	8	8	-9	0.028	1
448280	40.889143	28.233419	3.008	-1873.6	1796.8	-3541.2	25.7	27	27.5	2019	9	26	23	12	34.16	1.7	0	0	16	20	-9	0.058	1
926231501	40.864851	28.292649	4.495	3119.3	-900.6	-2054.3	24.2	20.3	62.2	2019	9	26	23	15	1.56	1.9	0	0	58	49	-9	0.049	1
926233933	40.866739	28.296544	2.157	3447.6	-690.9	-4392.4	20.3	18.3	32.3	2019	9	26	23	39	34.62	1.5	0	0	153	185	-9	0.054	1
448080	40.868197	28.306939	2.328	4323.8	-529	-4221.5	21.7	18.9	21	2019	9	26	23	48	6.52	2.7	0	0	400	240	-9	0.058	1
448081	40.866337	28.297202	3.522	3503.1	-735.5	-3027.6	17.2	19	24	2019	9	26	23	49	35.28	2.1	0	0	275	168	-9	0.057	1
448082	40.878153	28.219825	6.097	-3019.6	576.4	-452.7	15.9	16.7	29.8	2019	9	26	23	58	48.78	2	0	0	289	321	-9	0.059	1
448084	40.878908	28.224433	3.565	-2631.2	660.3	-2984.5	35	26.4	27.2	2019	9	27	0	12	6.46	1.9	0	0	29	35	-9	0.061	1
448085	40.865644	28.29243	5.907	3100.8	-812.5	-642.1	21.5	15.6	58.1	2019	9	27	0	15	0.98	2.1	0	0	158	144	-9	0.057	1
927002219	40.863254	28.249501	4.269	-518.2	-1077.9	-2280.6	33.2	26.1	78.4	2019	9	27	0	22	21.19	1.4	0	0	30	45	-9	0.062	1
448086	40.864583	28.256609	4.943	81	-930.3	-1606.8	16.2	18.1	46.7	2019	9	27	0	27	36.72	2	0	0	147	114	-9	0.055	1
448091	40.886913	28.222639	5.836	-2782.3	1549.2	-713.6	24.6	20.8	36	2019	9	27	0	39	1.68	1.9	0	0	110	128	-9	0.061	1
927004026	40.889093	28.214141	9.634	-3498.5	1791.3	3084.1	17.6	18.8	37.8	2019	9	27	0	40	27.47	1.6	0	0	106	92	-9	0.059	1
448090	40.862094	28.265856	10.621	860.6	-1206.7	4070.9	26.3	25.7	62.9	2019	9	27	0	43	21.72	2	0	0	5	14	-9	0.053	1
448088	40.87021	28.313708	4.137	4894.4	-305.5	-2412.2	18.2	16	37.5	2019	9	27	0	50	23.4	2.6	0	0	192	140	-9	0.056	1
448093	40.880692	28.240284	6.999	-1295.1	858.5	449.8	19.5	19.8	39.5	2019	9	27	1	5	59.59	2.4	0	0	257	180	-9	0.057	1
448096	40.866664	28.287197	9.072	2659.6	-699.2	2522.7	24.1	13.9	37.7	2019	9	27	1	16	11.08	1.8	0	0	9	19	-9	0.034	1
927013343	40.878284	28.214941	6.776	-3431.3	591	226.6	15.1	9.8	31.8	2019	9	27	1	33	44.27	1.6	0	0	136	160	-9	0.055	1
448097	40.870715	28.262244	7.718	556.1	-249.5	1167.9	18.1	14.1	28.4	2019	9	27	1	41	1.31	2.7	0	0	225	150	-9	0.055	1
448099	40.862546	28.308796	3.757	4480.6	-1156.5	-2792.1	19.5	15.6	28.1	2019	9	27	2	11	22.15	1.7	0	0	145	132	-9	0.054	1
448108	40.888765	28.273776	1.789	1528	1754.8	-4760.2	28.4	25.8	36.8	2019	9	27	2	24	40.86	2	0	0	8	12	-9	0.04	1
448105	40.888632	28.208209	8.123	-3998.5	1740	1573.5	18.8	21	47.9	2019	9	27	2	35	38.45	2.4	0	0	80	118	-9	0.068	1
448106	40.88551	28.219191	8.628	-3072.9	1393.4	2078	11.2	11.6	24.2	2019	9	27	2	37	44.39	1.6	0	0	123	125	-9	0.052	1
448109	40.86485	28.285138	6.837	2486.1	-900.7	287.2	18	17	38	2019	9	27	2	55	43.14	3.2	0	0	246	188	-9	0.057	1
448112	40.888139	28.225657	6.736	-2527.8	1685.4	186.5	17.5	14.9	42.6	2019	9	27	3	0	8.17	1.9	0	0	119	148	-9	0.055	1
448111	40.87737	28.26031	3.343	393	489.6	-3206.6	12.7	15.8	27.6	2019	9	27	3	2	12.34	1.8	0	0	91	95	-9	0.05	1
448110	40.874493	28.306975	2.635	4326.7	170.1	-3915	19.9	16.5	24	2019	9	27	3	5	25.39	2.2	0	0	358	196	-9	0.056	1
448114	40.875065	28.30436	2.458	4106.2	233.6	-4091.9	18.5	15	26.3	2019	9	27	3	19	58.12	1.8	0	0	131	171	-9	0.062	1
448113	40.885358	28.217265	9.058	-3235.3	1376.5	2508.3	14.4	17.7	36.4	2019	9	27	3	37	41.66	2.6	0	0	260	219	-9	0.057	1
448115	40.861623	28.278515	6.587	1927.8	-1259	37	18.5	17.7	29.4	2019	9	27	3	43	16.08	1.7	0	0	163	175	-9	0.057	1
448120	40.890408	28.323329	2.909	5704.6	1937.3	-3640.8	20.8	21.3	28	2019	9	27	4	4	26.26	2.1	0	0	18	14	-9	0.056	1
448122	40.873679	28.311647	1.404	4720.5	79.7	-5145.8	19.1	20.8	16.5	2019	9	27	4	16	50.03	2.4	0	0	294	190	-9	0.056	1
448123	40.879182	28.215039	7.91	-3423	690.7	1360.3	14.3	21.2	27.9	2019	9	27	4	18	44.02	2.1	0	0	358	282	-9	0.061	1
448124	40.867397	28.289842	2.666	2882.6	-617.9	-3883.1	17.1	20.6	26.5	2019	9	27	4	23	47.37	2.3	0	0	279	149	-9	0.056	1
448127	40.872769	28.301015	4.628	3824.3	-21.4	-1921.4	27.3	29	78.8	2019	9	27	5	2	17.11	1.7	0	0	84	76	-9	0.056	1
448126	40.866514	28.312072	6.535	4756.6	-715.9	-14.6	15.8	21.3	38.8	2019	9	27	5	8	7.74	1.5	0	0	115	59	-9	0.051	1
448130	40.892541	28.222076	9.455	-2829.6	2174.1	2905.2	24.8	24.9	40	2019	9	27	5	42	14.48	2.1	0	0	133	147	-9	0.061	1
448132	40.867077	28.3094	2.487	4531.3	-653.4	-4062.3	14.8	18.5	26.3	2019	9	27	6	18	30.58	1.9	0	0	380	245	-9	0.06	1
448135	40.871544	28.31184	2.751	4736.8	-157.3	-3798.3	15.3	12.3	17.5	2019	9	27	6	45	56.1	2.3	0	0	316	199	-9	0.057	1
448136	40.868388	28.284957	8.855	2470.7	-507.9	2305.5	21.2	15.3	30.4	2019	9	27	7	11	8.84	2	0	0	49	48	-9	0.054	1
927071728	40.875939	28.255175	1.078	-39.9	330.6	-5472	34	23.6	36.5	2019	9	27	7	17	29.53	1.8	0	0	6	19	-9	0.049	1
448140	40.857287	28.238048	6.506	-1483.8	-1740.5	-43.7	34.3	34.6	51.5	2019	9	27	8	28	18.63	2.3	0	0	12	28	-9	0.054	1
448142	40.868427	28.303351	1.72	4021.4	-503.6	-4829.8	32.1	30.8	31.9	2019	9	27	9	10	7.94	1.7	0	0	206	174	-9	0.062	1
448146	40.88183	28.215101	3.955	-3417.8	984.8	-2594.8	20.9	17.1	28.6	2019	9	27	9	16	23.87	1.6	0	0	75	93	-9	0.062	1
448148	40.859881	28.262976	9.444	617.8	-1452.5	2894.5	25.6	33.5	49.2	2019	9	27	9	33	26.73	1.9	0	0	23	23	-9	0.065	1
448149	40.861934	28.251632	6.955	-338.5	-1224.4	405.6	42.3	38.4	70.8	2019	9	27	9	44	19.92	1.9	0	0	2	4	-9	0.036	1
927095056	40.887505	28.228169	16.772	-2316.1	1614.9	10222.4	1.9	2.3	7.5	2019	9	27	9	50	57.41	1.5	0	0	3	4	-9	0.056	1
448155	40.864233	28.288558	7.435	2774.4	-969.3	885.3	17.8	20.6	38.3	2019	9	27	10	32	31	3.2	0	0	182	130	-9	0.055	1
448156	40.870849	28.31339	3.162	4867.5	-234.5	-3387.3	17.3	16.5	24.5	2019	9	27	10	39	27.49	2.5	0	0	319	231	-9	0.056	1
448157	40.872751	28.216672	9.747	-3285.5	-23.4	3198.1	23	21.7	54	2019	9	27	10	45	5.36	1.6	0	0	28	18	-9	0.055	1
448158	40.896436	28.305799	3.108	4226.8	2606.7	-3441.7	50	38.2	76.9	2019	9	27	10	48	6.26	2.1	0	0	17	16	-9	0.056	1
448159	40.876299	28.207045	3.685	-4097	370.6	-2864.3	30.5	21.5	34.1	2019	9	27	10	52	26.63	1.7	0	0	55	55	-9	0.056	1
448363	40.877459	28.271711	0.642	1354	499.4	-5907.2	26	23.4	16.1	2019	9	27	11	4	8.92	1.7	0	0	23	26	-9	0.061	1
448160	40.861287	28.289015	6.351	2813	-1296.4	-198.7	20.2	23.6	38.5	2019	9	27	11	13	47.55	3.5	0	0	134	107	-9	0.054	1
448163	40.864508	28.297276	1.844	3509.3	-938.7	-4705.4	18.7	20.5	24.5	2019	9	27	11	27	55.76	1.8	0	0	221	126	-9	0.056	1
448166	40.863028	28.309047	6.453	4501.7	-1103	-96.8	19.6	19.4	35.5	2019	9	27	11	39	8.49	1.5	0	0	44	63	-9	0.055	1
448167	40.879643	28.245189	2.293	-881.6	742	-4256.9	20.1	18.5	37.2	2019	9	27	12	13	18.4	1.7	0	0	78	100	-9	0.055	1
927125312	40.879929	28.269687	2.738	1183.4	773.7	-3811.3	20.9	19	33.4	2019	9	27	12	53	13.24	1.5	0	0	40	49	-9	0.052	1
448172	40.886383	28.203187	2.637	-4421.8	1490.3	-3912.9	5.9	4.2	11.8	2019	9	27	13	47	13.12	1.6	0	0	1	2	-9	0.001	1
927140255	40.871033	28.275177	0.978	1646.3	-214.1	-5571.8	26	22.7	14.4	2019	9	27	14	2	56.62	1.3	0	0	22	27	-9	0.048	1
448378	40.884257	28.213582	12.982	-3545.7	1254.2	6432.4	21.9	39.2	130	2019	9	27	14	22	59.84	1.9	0	0	18	14	-9	0.067	1
448173	40.873736	28.246259	6.373	-791.4	86	-176.9	16.6	16.4	31.7	2019	9	27	14	41	48.97	2	0	0	119	155	-9	0.06	1
448174	40.873657	28.286497	6.784	2600.5	77.2	234.1	16.9	24.3	42.7	2019	9	27	14	42	18.03	2.2	0	0	124	116	-9	0.06	1
448387	40.87138	28.246422	5.41	-777.7	-175.7	-1139.5	20.2	13.8	35.4	2019	9	27	14	46	44.57	2.2	0	0	152	120	-9	0.055	1
448175	40.868883	28.301676	1.521	3880.1	-452.9	-5028.2	31.9	33.7	43.4	2019	9	27	15	12	25.37	1.6	0	0	65	49	-9	0.059	1
448177	40.869535	28.280612	2.021	2104.5	-380.4	-4528.9	24.4	23.9	27.7	2019	9	27	15	39	14.04	2.3	0	0	136	96	-9	0.058	1
448182	40.885125	28.209747	9.887	-3868.9	1350.7	3337.9	51.7	43.6	85.6	2019	9	27	16	20	12.46	1.6	0	0	4	5	-9	0.041	1
448183	40.894089	28.210279	11.562	-3823.8	2346	5012.8	33	37.1	70.6	2019	9	27	16	40	31.19	2.1	0	0	24	24	-9	0.056	1
448186	40.870272	28.293874	0.99	3222.4	-298.6	-5559.7	27.9	24.6	14.1	2019	9	27	17	38	42.64	1.9	0	0	43	76	-9	0.053	1
448392	40.86023	28.282736	3.067	2283.6	-1413.7	-3483.1	28.7	25.6	40.8	2019	9	27	18	5	41.8	1.5	0	0	40	55	-9	0.052	1
448192	40.864925	28.273062	4.645	1468.1	-892.4	-1905	20.3	22.4	71.5	2019	9	27	19	10	17.62	1.6	0	0	55	65	-9	0.058	1
448194	40.886083	28.211629	4.388	-3710.3	1457	-2161.6	23.6	19.9	44.8	2019	9	27	20	15	47.24	1.7	0	0	114	110	-9	0.061	1
448195	40.861357	28.283067	5.522	2311.5	-1288.5	-1027.3	24.4	21	34.7	2019	9	27	20	26	5.08	2	0	0	246	200	-9	0.063	1
448196	40.864331	28.298552	3.59	3616.9	-958.3	-2960	14.2	23.4	41.4	2019	9	27	20	37	58.94	1.5	0	0	122	112	-9	0.062	1
448197	40.874346	28.25467	8.264	-82.4	153.8	1714.6	19.6	14	37.5	2019	9	27	20	56	40.72	2.5	0	0	167	127	-9	0.056	1
448198	40.889716	28.316124	6.779	5097.3	1860.4	229.5	14.6	13.6	33.8	2019	9	27	21	10	47.98	1.7	0	0	18	23	-9	0.049	1
448200	40.880032	28.222974	6.189	-2754.1	785.1	-360.9	12	12.9	27.6	2019	9	27	21	25	36.18	1.5	0	0	218	215	-9	0.054	1
927213327	40.847591	28.289243	1.041	2832.5	-2817.1	-5508.6	52	49.4	66.3	2019	9	27	21	33	28.12	1.5	0	0	4	6	-9	0.072	1
448207	40.893766	28.297545	2.206	3531.3	2310.2	-4344.1	51	38.5	72.3	2019	9	27	22	42	43	2.5	0	0	2	3	-9	0.035	1
448208	40.875578	28.308481	1.612	4453.5	290.6	-4937.1	18.2	20.1	23.6	2019	9	27	22	44	31.94	2.1	0	0	323	225	-9	0.058	1
927225145	40.871615	28.299907	0.983	3731	-149.6	-5566.9	18.5	21.5	11.4	2019	9	27	22	51	46.8	1.4	0	0	153	130	-9	0.062	1
448210	40.881087	28.213634	7.476	-3541.4	902.3	925.9	11.7	11.7	27.6	2019	9	27	23	9	35.24	2	0	0	275	294	-9	0.06	1
448211	40.858266	28.281416	6.515	2172.4	-1631.8	-34.2	26.1	31.8	52.9	2019	9	27	23	12	15.94	1.7	0	0	35	30	-9	0.057	1
927231616	40.869286	28.265309	1.335	814.4	-408.1	-5214.8	30.6	22.3	32	2019	9	27	23	16	17.12	1.3	0	0	60	67	-9	0.058	1
448215	40.84806	28.26899	6.284	1124.9	-2765.1	-265.9	22.7	32.6	49.3	2019	9	27	23	43	36.9	1.5	0	0	12	9	-9	0.058	1
448216	40.874299	28.239986	5	-1320.2	148.5	-1549.8	16.5	13.5	36.3	2019	9	27	23	58	7.56	2	0	0	103	107	-9	0.054	1
928003140	40.872817	28.2906	2.389	2946.4	-16	-4160.4	20.2	24.4	24.2	2019	9	28	0	31	40.72	1.3	0	0	104	91	-9	0.052	1
448221	40.862477	28.2912	1.614	2997.2	-1164.2	-4935.2	16.4	19.8	17.9	2019	9	28	0	36	43.16	1.8	0	0	155	94	-9	0.06	1
448224	40.857754	28.266563	6.225	920.2	-1688.7	-325.1	20.3	24.4	53.1	2019	9	28	0	53	22.68	2.3	0	0	165	113	-9	0.058	1
448225	40.887317	28.202083	9.968	-4514.8	1594.1	3418.1	19.1	20.3	35.7	2019	9	28	0	59	25.54	2.4	0	0	54	49	-9	0.055	1
448227	40.885846	28.218425	8.701	-3137.4	1430.7	2151.2	16.8	18.3	35.7	2019	9	28	1	8	22.69	1.7	0	0	111	102	-9	0.055	1
448232	40.874908	28.261299	1.774	476.4	216.1	-4775.9	22.4	19.7	23.2	2019	9	28	1	32	16.41	1.6	0	0	51	56	-9	0.054	1
448231	40.864912	28.257061	4.136	119.1	-893.8	-2413.6	18.9	20	35.4	2019	9	28	1	33	28.02	2	0	0	111	105	-9	0.056	1
448230	40.878522	28.217027	4.636	-3255.5	617.4	-1913.6	21.2	14.8	35.7	2019	9	28	1	38	39.11	2.5	0	0	103	109	-9	0.06	1
928014554	40.891037	28.255991	4.78	28.9	2007.2	-1769.4	26.5	20.2	87.2	2019	9	28	1	45	55.59	1.5	0	0	1	2	-9	0.002	1
448237	40.88463	28.266141	5.245	884.4	1295.7	-1304.3	19.3	20.2	42.9	2019	9	28	2	55	15.65	2	0	0	35	29	-9	0.058	1
928040717	40.879599	28.289495	3.766	2853.1	737.1	-2783.3	50.9	50	74.6	2019	9	28	4	7	18.58	1.3	0	0	13	10	-9	0.056	1
448243	40.850031	28.265321	5.333	815.5	-2546.3	-1216.1	25.6	22.7	44.6	2019	9	28	4	10	56.44	2.1	0	0	88	46	-9	0.056	1
448244	40.863743	28.308322	4.579	4440.6	-1023.6	-1971.1	14.5	19.1	34.1	2019	9	28	5	14	22.77	1.8	0	0	164	182	-9	0.061	1
448246	40.871647	28.315656	1.937	5058.5	-145.9	-4612.5	16.5	19.9	17.7	2019	9	28	5	18	48.89	2.1	0	0	271	184	-9	0.055	1
448245	40.866339	28.297325	6.287	3513.5	-735.4	-263	15.7	16.6	25.7	2019	9	28	5	25	50.24	2.6	0	0	284	186	-9	0.056	1
448249	40.891906	28.224298	8.522	-2642.3	2103.7	1972	17.2	17.7	39	2019	9	28	5	57	15.41	2.3	0	0	159	147	-9	0.057	1
448251	40.860317	28.277326	3.409	1827.6	-1404	-3140.6	28.6	27.8	44.2	2019	9	28	7	18	45.39	1.8	0	0	36	43	-9	0.052	1
448256	40.875242	28.313949	3.464	4914.5	253.2	-3085.2	22.6	19.9	31.3	2019	9	28	8	41	30.75	2.1	0	0	265	117	-9	0.06	1
448267	40.86378	28.294665	6.194	3289.2	-1019.5	-355.9	15.2	17.4	41.3	2019	9	28	11	3	4.18	3.8	0	0	315	189	-9	0.061	1
448269	40.871552	28.308151	1.997	4425.9	-156.5	-4552.5	17.3	14.9	20.8	2019	9	28	11	10	17.18	1.8	0	0	198	119	-9	0.052	1
928123456	40.872022	28.262854	3.616	607.5	-104.3	-2933.6	13.9	19	24.1	2019	9	28	12	34	57.26	1.7	0	0	52	41	-9	0.05	1
448274	40.884367	28.229066	9.637	-2240.6	1266.5	3087.1	16.7	15.8	37.5	2019	9	28	14	28	39.59	3	0	0	164	158	-9	0.056	1
928183947	40.888871	28.216619	2.222	-3289.6	1766.6	-4327.2	19.5	17.6	30.5	2019	9	28	18	39	48.68	1.5	0	0	14	25	-9	0.047	1
448389	40.880813	28.22396	6.693	-2671	871.9	143.3	15.6	13	39.3	2019	9	28	18	49	6.72	2.5	0	0	261	243	-9	0.061	1
448398	40.856473	28.276847	3.012	1787.3	-1830.9	-3537.7	34.5	29.2	45.9	2019	9	28	19	43	50.08	2.2	0	0	66	39	-9	0.058	1
448400	40.887938	28.223518	7.644	-2708.1	1663	1094.4	13.3	14.5	27.4	2019	9	28	22	9	33.98	1.8	0	0	64	126	-9	0.054	1
448402	40.870317	28.282615	7.397	2273.2	-293.6	847.7	27.1	17.9	31.3	2019	9	28	22	20	3.7	1.7	0	0	137	114	-9	0.055	1
448403	40.876064	28.260371	7.039	398.1	344.5	489.4	16.4	14.2	31.2	2019	9	28	22	37	6.96	2	0	0	236	172	-9	0.053	1
448406	40.861738	28.285115	4.754	2484.2	-1246.3	-1795.4	14.1	17.2	34.1	2019	9	28	23	18	9.66	2	0	0	220	215	-9	0.053	1
448416	40.885162	28.217347	6.038	-3228.4	1354.8	-511.9	25.7	18.9	48.9	2019	9	29	0	31	11.87	1.8	0	0	180	217	-9	0.06	1
448409	40.883742	28.220051	11.54	-3000.5	1197.1	4990	37.5	23.7	72.6	2019	9	29	1	25	15.08	1.4	0	0	20	18	-9	0.048	1
448408	40.860459	28.286088	3.823	2566.3	-1388.2	-2726.6	16.5	18.6	30	2019	9	29	1	27	54.87	2	0	0	158	153	-9	0.056	1
448414	40.872014	28.252155	3.053	-294.4	-105.2	-3496.8	13	19.3	28.8	2019	9	29	1	48	56.87	1.6	0	0	63	65	-9	0.055	1
448413	40.880203	28.218645	5.026	-3119	804.2	-1523.3	27.9	17.2	53.8	2019	9	29	1	58	28.32	1.5	0	0	99	77	-9	0.051	1
448426	40.866989	28.258605	7.427	249.3	-663.2	877.6	19.1	17.6	36.9	2019	9	29	2	21	58.35	2.6	0	0	108	79	-9	0.06	1
448431	40.872471	28.273056	2.89	1467.5	-54.5	-3659.3	21.6	17.9	22.3	2019	9	29	2	39	57.51	1.9	0	0	92	98	-9	0.057	1
448428	40.86112	28.274634	3.831	1600.6	-1314.9	-2718.3	23.9	21.6	33.3	2019	9	29	2	46	52.82	1.5	0	0	114	126	-9	0.06	1
448424	40.866272	28.294402	3.7	3267	-742.8	-2849.1	17.6	14.3	48.7	2019	9	29	3	35	27.57	1.5	0	0	53	99	-9	0.056	1
448423	40.88557	28.238898	4.005	-1411.8	1400.1	-2544.8	25.6	25.9	39.1	2019	9	29	3	41	19.97	1.4	0	0	32	20	-9	0.05	1
448422	40.878911	28.231995	6.9	-1993.7	660.6	350.1	12.9	16.1	33.5	2019	9	29	3	41	56.5	1.9	0	0	214	216	-9	0.054	1
448440	40.875693	28.253975	7.232	-141	303.3	682.3	17.8	13.5	25.3	2019	9	29	5	11	41.24	2.3	0	0	156	94	-9	0.057	1
448441	40.867016	28.254812	5.533	-70.5	-660.2	-1016.8	14.7	13.5	36.7	2019	9	29	5	36	12.97	1.7	0	0	155	119	-9	0.052	1
448442	40.871008	28.308321	2.434	4440.2	-216.9	-4115.5	15.2	15.2	21.8	2019	9	29	5	54	38.64	2.2	0	0	395	244	-9	0.056	1
448449	40.883281	28.214544	7.489	-3464.6	1145.9	939.3	13.5	16	22.9	2019	9	29	6	30	53.11	1.7	0	0	213	239	-9	0.056	1
448448	40.863192	28.296132	5.325	3412.9	-1084.8	-1224.4	17.1	14.9	27.8	2019	9	29	6	40	10.47	2.3	0	0	180	166	-9	0.06	1
448452	40.86571	28.256168	5.481	43.8	-805.2	-1068.5	18.4	12.9	32.4	2019	9	29	7	58	22.69	2.6	0	0	181	116	-9	0.057	1
448462	40.883643	28.188637	6.029	-5648.4	1186.1	-520.7	104.2	131	194.3	2019	9	29	9	45	0.27	1.6	0	0	10	10	-9	0.053	1
448464	40.858766	28.264473	5.984	744	-1576.3	-565.6	22.6	18.9	35	2019	9	29	11	19	1.42	2.9	0	0	150	94	-9	0.054	1
448466	40.861743	28.272043	5.181	1382.2	-1245.7	-1368.4	19.5	16	35.2	2019	9	29	11	37	55.27	2.8	0	0	211	154	-9	0.054	1
929123250	40.861057	28.264384	6.7	736.5	-1321.9	150.2	26.4	26.3	54.6	2019	9	29	12	32	51.26	2.2	0	0	86	54	-9	0.056	1
929124934	40.887637	28.232367	3.643	-1962.3	1629.6	-2906.4	17.1	16.4	26.7	2019	9	29	12	49	35.76	1.8	0	0	93	78	-9	0.059	1
448472	40.862344	28.295052	3.649	3321.9	-1178.9	-2901.1	17.1	13.4	22.9	2019	9	29	13	18	30.82	2.2	0	0	255	192	-9	0.059	1
448474	40.854125	28.259012	8.58	283.7	-2091.7	2029.9	29.3	33.9	56.8	2019	9	29	13	47	4.43	1.9	0	0	10	10	-9	0.046	1
448475	40.857479	28.270507	3.798	1252.7	-1719.2	-2751.6	30.8	32.2	46.4	2019	9	29	13	50	8	1.6	0	0	13	15	-9	0.061	1
448477	40.862721	28.267059	5.179	962	-1137.2	-1370.4	27	19.1	39	2019	9	29	14	13	57.26	1.7	0	0	125	125	-9	0.058	1
448480	40.862644	28.28772	2.296	2703.7	-1145.7	-4253.4	20.2	22.9	26.6	2019	9	29	15	24	25.74	2.4	0	0	190	97	-9	0.058	1
448484	40.882892	28.213065	0.954	-3589.3	1102.7	-5595.9	22.2	21.8	13.2	2019	9	29	15	53	19.3	1.9	0	0	19	24	-9	0.049	1
448494	40.88492	28.211781	9.179	-3697.5	1327.9	2629	16.2	16.2	42.1	2019	9	29	17	10	46.72	1.7	0	0	142	148	-9	0.057	1
448495	40.88832	28.232022	2.684	-1991.3	1705.4	-3865.3	20.9	21.8	29.6	2019	9	29	17	19	48.2	1.4	0	0	4	10	-9	0.033	1
448496	40.870313	28.290603	9.746	2946.7	-294.1	3196.7	21.3	14.7	25	2019	9	29	17	27	25.16	1.4	0	0	8	9	-9	0.054	1
448499	40.867437	28.310383	4.993	4614.1	-613.4	-1556.8	31.5	29.7	52.6	2019	9	29	18	7	37.34	1.6	0	0	37	32	-9	0.056	1
448500	40.859773	28.284398	4.948	2423.8	-1464.4	-1601.9	33.2	21.5	69.5	2019	9	29	18	9	40.32	1.2	0	0	22	44	-9	0.049	1
448503	40.869491	28.300453	3.602	3777.1	-385.4	-2947.9	17	18.9	41.4	2019	9	29	18	33	14.08	1.8	0	0	133	111	-9	0.059	1
448502	40.865138	28.28064	7.21	2106.9	-868.7	660.1	20.3	23	46.9	2019	9	29	18	51	51.78	1.8	0	0	169	141	-9	0.06	1
448507	40.878213	28.322951	7.171	5673.2	583.1	621	15.9	21.9	47.9	2019	9	29	19	11	29.66	1.6	0	0	20	27	-9	0.047	1
448521	40.860444	28.274757	6.806	1611	-1390	256.8	13.6	18.2	34.9	2019	9	29	21	19	12.84	1.6	0	0	109	118	-9	0.06	1
448520	40.869012	28.26842	6.696	1076.6	-438.6	146.3	15.4	14.4	33.3	2019	9	29	21	29	22.76	1.6	0	0	191	146	-9	0.059	1
448522	40.883891	28.223154	16.382	-2738.9	1213.7	9832.3	2	2.3	8.1	2019	9	29	21	40	16.4	1.7	0	0	3	4	-9	0.056	1
448535	40.873718	28.302376	5.106	3939	84	-1443.5	33.3	27.8	86.1	2019	9	29	23	53	0.76	1.5	0	0	131	82	-9	0.061	1
448536	40.85386	28.288692	8.501	2785.9	-2121	1951.2	39.5	39.5	68	2019	9	29	23	59	9.28	1.1	0	0	2	4	-9	0.052	1
448542	40.864315	28.300155	5.099	3752	-960.1	-1450.6	24.7	20.6	63.9	2019	9	30	0	2	43.75	1.4	0	0	30	86	-9	0.056	1
448543	40.882591	28.223719	3.842	-2691.3	1069.3	-2707.8	41.3	29.6	60.6	2019	9	30	0	13	24.21	1.3	0	0	4	7	-9	0.053	1
448544	40.858826	28.264563	7.669	751.6	-1569.6	1119.1	33.8	26.7	58.1	2019	9	30	0	15	28.1	1.5	0	0	39	36	-9	0.053	1
448552	40.873411	28.248065	3.974	-639.2	49.9	-2575.2	16.2	16.2	35.8	2019	9	30	1	40	59.61	1.5	0	0	93	115	-9	0.053	1
448558	40.862482	28.27633	3.305	1743.6	-1163.6	-3244.3	27.4	23.3	42.7	2019	9	30	2	26	2.1	1.3	0	0	27	37	-9	0.059	1
448556	40.880219	28.221983	6.405	-2837.6	805.9	-144.6	13.5	12.4	36.9	2019	9	30	2	31	31.63	1.9	0	0	191	194	-9	0.055	1
448561	40.890779	28.206108	8.489	-4175.4	1978.5	1939.8	15.4	20.5	39.3	2019	9	30	3	58	16.54	1.4	0	0	37	91	-9	0.049	1
448565	40.854551	28.262399	6.642	569.2	-2044.4	92.3	21.7	22.4	37.1	2019	9	30	4	2	15.22	1.3	0	0	1	21	-9	0.031	1
448564	40.862433	28.292656	4.928	3119.9	-1169	-1621.8	19.3	19.4	44.2	2019	9	30	4	24	15.42	1.9	0	0	203	211	-9	0.055	1
448575	40.863078	28.286063	5.535	2564.1	-1097.5	-1014.5	18	16.4	42.8	2019	9	30	6	35	19.72	1.9	0	0	252	228	-9	0.056	1
448577	40.892679	28.269911	6.306	1202.2	2189.4	-243.5	31.5	31.4	58.7	2019	9	30	7	7	24.24	1.2	0	0	3	5	-9	0.046	1
448595	40.87459	28.280513	3.634	2096	180.8	-2915.9	26.2	29.1	36.9	2019	9	30	9	28	38.77	1.7	0	0	13	21	-9	0.057	1
448608	40.877229	28.230991	2.988	-2078.4	473.9	-3561.2	14.1	16.7	22	2019	9	30	12	45	41.91	1.7	0	0	75	82	-9	0.06	1
448611	40.869791	28.300049	5.86	3742.9	-352.1	-689.4	15.6	14.8	26.4	2019	9	30	13	43	56.39	3.3	0	0	156	213	-9	0.06	1
448622	40.881966	28.233583	7.641	-1859.9	999.8	1091.6	19.1	16.4	35.7	2019	9	30	15	24	52.11	2.3	0	0	194	159	-9	0.057	1
448630	40.859512	28.29112	4.348	2990.5	-1493.5	-2201.4	30.7	20.3	49.4	2019	9	30	18	25	50.72	1.9	0	0	183	151	-9	0.06	1
448639	40.871443	28.302583	5.066	3956.6	-168.6	-1483.4	26.8	26.1	71.8	2019	9	30	22	33	22.18	1.4	0	0	47	46	-9	0.057	1
448640	40.867355	28.282397	5.866	2255	-622.6	-683.2	26.8	28.7	50.8	2019	9	30	22	39	4.28	1.6	0	0	52	45	-9	0.062	1
930233035	40.85557	28.265403	2.885	822.4	-1931.1	-3664.4	40.2	36	53.3	2019	9	30	23	30	36.48	1.4	0	0	13	13	-9	0.062	1
448654	40.87674	28.270098	3.738	1218.1	419.6	-2811.3	23.3	20.3	40.2	2019	10	1	1	0	57.02	1.4	0	0	39	46	-9	0.062	1
448649	40.867417	28.290388	11.795	2928.6	-615.7	5245.2	21.9	27.7	82.5	2019	10	1	1	56	12.86	1.6	0	0	11	26	-9	0.052	1
448662	40.866227	28.253645	5.758	-168.8	-747.8	-791.5	19.9	19.4	36.9	2019	10	1	4	32	50.17	1.8	0	0	169	150	-9	0.062	1
448663	40.895336	28.206933	4.726	-4105.8	2484.6	-1823.4	32.7	35	64.5	2019	10	1	4	41	17.76	1.4	0	0	2	10	-9	0.038	1
2101214	40.862541	28.256649	12.054	84.4	-1157.1	5504.1	35.7	36.2	61.5	2019	10	2	10	12	14.77	1.8	0	0	26	24	-9	0.051	1
448775	40.887515	28.212248	12.956	-3658	1616.1	6406.1	18	25.2	39.7	2019	10	2	11	2	31.55	1.7	0	0	10	16	-9	0.048	1
448790	40.864134	28.313599	2.749	4885.4	-980.2	-3800.9	15.7	17.1	35.3	2019	10	2	16	5	39.91	1.7	0	0	191	148	-9	0.055	1
448805	40.86091	28.286302	12.008	2584.3	-1338.2	5458.5	24.9	28.7	68	2019	10	2	20	38	56.2	1.6	0	0	6	18	-9	0.042	1
2221020	40.873008	28.238519	4.611	-1443.9	5.2	-1938.9	17.2	16.2	31.5	2019	10	2	22	10	21.64	1.4	0	0	69	79	-9	0.053	1
3154641	40.868441	28.291675	10.298	3037.1	-502	3748.4	26.9	28.2	114.2	2019	10	3	15	46	42.57	1.9	0	0	17	28	-9	0.056	1
448893	40.861064	28.30461	4.241	4127.7	-1321.1	-2308.2	15.9	18.4	38.9	2019	10	3	18	38	23.2	2.1	0	0	78	89	-9	0.063	1
448925	40.868713	28.295033	7.799	3320.1	-471.8	1249.8	28.4	27	62.9	2019	10	4	5	48	41.56	1.9	0	0	64	51	-9	0.061	1
4090801	40.877121	28.31028	0.142	4605.1	461.9	-6407.5	35.5	42.5	19.7	2019	10	4	9	8	2.48	2	0	0	31	17	-9	0.053	1
448988	40.86208	28.312601	4.386	4801.4	-1208.3	-2163.9	19.5	24.1	42.9	2019	10	4	23	30	57.32	2.4	0	0	70	37	-9	0.062	1
448998	40.857855	28.264614	6.306	755.9	-1677.5	-243.7	24.5	17.5	37.6	2019	10	5	3	41	46.2	2	0	0	60	62	-9	0.052	1
449002	40.881019	28.259226	8.833	301.6	894.7	2283.8	23	34.2	74.2	2019	10	5	4	23	14.11	2	0	0	65	73	-9	0.059	1
449011	40.85472	28.297508	15.285	3529.1	-2025.6	8735.7	106.3	68.1	153.7	2019	10	5	6	4	4.63	1.8	0	0	4	3	-9	0.046	1
449012	40.878618	28.319815	8.587	5408.9	628.1	2037.4	19.5	20.6	37.4	2019	10	5	6	52	47	2.2	0	0	9	13	-9	0.051	1
5065353	40.864615	28.330365	2.269	6298.8	-926.8	-4280.7	56.7	49.2	58.6	2019	10	5	6	53	54.44	1.9	0	0	9	8	-9	0.045	1
5142113	40.881241	28.213718	4.958	-3534.3	919.4	-1591.6	19	18.2	40	2019	10	5	14	21	14.03	2.3	0	0	120	126	-9	0.057	1
449073	40.857558	28.283512	2.608	2349.1	-1710.5	-3941.3	29.7	33	45.8	2019	10	6	20	16	37.64	1.6	0	0	14	8	-9	0.056	1
449079	40.870694	28.272615	3.929	1430.3	-251.8	-2620.3	31	23.4	35.8	2019	10	6	21	55	5.76	1.8	0	0	55	47	-9	0.058	1
449077	40.867889	28.289027	9.868	2813.9	-563.3	3317.9	29	27.4	48.7	2019	10	6	22	9	11.2	1.9	0	0	3	11	-9	0.05	1
449119	40.879367	28.244134	2.307	-970.5	711.2	-4243	22.2	24.9	33.2	2019	10	7	4	20	33.31	1.6	0	0	31	27	-9	0.048	1
449121	40.903525	28.311757	9.205	4728.7	3393.9	2655	23.5	20.2	39.6	2019	10	7	5	0	14.9	1.7	0	0	1	3	-9	0.025	1
449126	40.889389	28.313624	6.567	4886.6	1824.1	17.1	11.4	13.3	33.4	2019	10	7	6	46	58.85	3.1	0	0	25	30	-9	0.05	1
449145	40.870329	28.276356	8.086	1745.6	-292.3	1536.7	40.8	36.2	58	2019	10	7	16	24	50.58	2.4	0	0	47	54	-9	0.049	1
449146	40.892364	28.310556	5.695	4627.9	2154.5	-855	12.5	11.5	59.4	2019	10	7	17	34	28.28	2.9	0	0	20	17	-9	0.051	1
449148	40.86765	28.302142	3.186	3919.5	-589.8	-3363.7	18.4	22.2	46.9	2019	10	7	19	21	41.94	2.1	0	0	41	40	-9	0.065	1
7220918	40.868316	28.267621	4.429	1009.3	-515.9	-2120.5	25.1	24.6	60.9	2019	10	7	22	9	19.24	1.5	0	0	12	14	-9	0.048	1
449162	40.865333	28.309849	4.074	4569.3	-847.1	-2475.3	16	18.8	31	2019	10	8	0	53	41.15	2.5	0	0	180	140	-9	0.054	1
449187	40.877744	28.261266	7.23	473.6	531.1	680.3	16.5	14.1	34.8	2019	10	8	8	33	48.75	2.9	0	0	144	104	-9	0.053	1
449237	40.867206	28.276901	7.08	1791.6	-639.1	530.2	19.8	15.1	42.2	2019	10	9	1	29	52.31	2.2	0	0	141	89	-9	0.053	1
449247	40.849907	28.229721	14.78	-2185.9	-2560	8229.9	41.3	44.5	58.5	2019	10	9	6	27	40.2	3.1	0	0	3	4	-9	0.011	1
449257	40.871255	28.231645	3.87	-2023.4	-189.5	-2678.7	42.1	21.2	32.9	2019	10	9	8	22	52.1	1.6	0	0	4	5	-9	0.033	1
449286	40.881711	28.233598	8.763	-1858.6	971.6	2213.4	21.9	17.4	33.5	2019	10	9	14	31	22.99	1.9	0	0	104	130	-9	0.055	1
449311	40.867387	28.282124	7.774	2231.9	-619	1224.2	21	23.3	42.4	2019	10	9	21	24	46.68	1.7	0	0	25	32	-9	0.048	1
449390	40.865374	28.279068	16.435	1974.4	-842.5	9885.1	39.9	59.8	125.9	2019	10	10	17	48	51.52	2	0	0	2	3	-9	0.007	1
449426	40.879894	28.225928	4.625	-2505.2	769.8	-1925	40.3	24.7	78.3	2019	10	11	2	55	35.86	1.8	0	0	35	33	-9	0.056	1
449507	40.901689	28.195525	11.024	-5067.1	3189.9	4474.2	47.2	43.4	87.6	2019	10	12	12	31	40.22	2	0	0	9	10	-9	0.067	1
449519	40.851408	28.25222	13.59	-289	-2393.3	7040.2	36	36.3	61.5	2019	10	12	18	16	18.78	1.6	0	0	7	4	-9	0.046	1
449550	40.877473	28.274813	7.13	1615.5	500.9	580.1	38.4	26.1	52.3	2019	10	13	7	10	39.74	1.6	0	0	4	12	-9	0.06	1
14043812	40.857442	28.274907	4.853	1623.6	-1723.3	-1696.7	17.8	21.6	33.1	2019	10	14	4	38	12.82	2	0	0	66	67	-9	0.066	1
449605	40.860415	28.278219	4.785	1902.8	-1393.2	-1764.5	22.9	20.6	47.1	2019	10	14	8	41	43.32	3	0	0	47	42	-9	0.063	1
449606	40.861973	28.270237	14.474	1229.9	-1220.2	7924.6	52.4	52.4	121.8	2019	10	14	8	44	45.17	2.2	0	0	13	7	-9	0.055	1
449669	40.862202	28.27618	11.426	1730.9	-1194.8	4876.4	23.8	26.6	60	2019	10	15	12	23	45.13	2.4	0	0	23	26	-9	0.044	1
449690	40.862768	28.282489	6.255	2262.8	-1131.9	-294.3	19.1	18.5	35.7	2019	10	15	20	25	24.64	2.4	0	0	101	73	-9	0.06	1
449832	40.888026	28.303662	9.111	4047	1672.8	2561.2	25.3	39.1	51.5	2019	10	17	22	11	37.48	1	0	0	12	17	-9	0.055	1
449840	40.857329	28.255347	13.219	-25.3	-1735.8	6669.1	35.4	35.6	28.7	2019	10	17	23	53	7.44	1.6	0	0	31	17	-9	0.048	1
449852	40.866035	28.305065	5.051	4165.9	-769.1	-1498.8	20.8	18.1	41.9	2019	10	18	4	51	25.67	2.5	0	0	63	50	-9	0.059	1
449917	40.884543	28.224432	9.488	-2631.2	1286	2938.5	18.5	16	37.6	2019	10	18	18	53	38.44	1.9	0	0	131	131	-9	0.059	1
449928	40.865198	28.236716	10.125	-1596	-862	3576.3	3	3.1	11.8	2019	10	19	4	29	54.98	2.6	0	0	3	5	-9	0.03	1
449927	40.86184	28.237661	13.078	-1516.4	-1234.9	6529.7	18.9	44.4	60.1	2019	10	19	4	30	23.68	2.7	0	0	2	3	-9	0.048	1
449949	40.864372	28.299435	3.423	3691.3	-953.8	-3126.4	16.8	18	29.1	2019	10	19	10	49	37.28	2.2	0	0	55	73	-9	0.055	1
20071550	40.889559	28.236848	5.267	-1584.5	1843	-1282.4	27.7	36.6	50.2	2019	10	20	7	15	51.15	1.7	0	0	23	37	-9	0.06	1
450030	40.880932	28.234111	7.931	-1815.4	885	1381.7	19.3	14.8	25.3	2019	10	20	20	51	58.68	2.6	0	0	222	194	-9	0.056	1
450031	40.880437	28.240692	5.673	-1260.6	830.1	-876.1	14.4	16.4	29	2019	10	20	21	0	46.8	2.3	0	0	212	143	-9	0.056	1
450046	40.860396	28.286031	6.305	2561.5	-1395.3	-244.7	21	20	31.6	2019	10	21	1	55	32.23	1.6	0	0	153	120	-9	0.053	1
450339	40.857342	28.28733	3.725	2671	-1734.4	-2824.1	17.7	19.7	23	2019	10	25	12	56	22.91	2.4	0	0	106	70	-9	0.061	1
450458	40.875381	28.25096	5.126	-395.2	268.7	-1423.1	17.4	17.4	47.1	2019	10	27	4	42	41.29	1.8	0	0	95	80	-9	0.055	1
450463	40.885321	28.222278	6.738	-2812.7	1372.5	188.9	11.3	12.5	24.9	2019	10	27	8	18	53.9	3	0	0	234	223	-9	0.057	1
450466	40.882274	28.212682	6.706	-3621.6	1034.1	156.6	10.6	11.9	25.6	2019	10	27	9	8	51.9	2.1	0	0	184	194	-9	0.059	1
450471	40.883864	28.224179	4.363	-2652.5	1210.7	-2187	20	17.9	44.9	2019	10	27	10	18	46.88	3.5	0	0	119	114	-9	0.056	1
450488	40.883731	28.220848	3.88	-2933.3	1195.8	-2669.6	19.4	15.4	25.4	2019	10	27	21	9	17.32	1.4	0	0	115	124	-9	0.056	1
450499	40.887641	28.220186	8.177	-2988.9	1630	1627.6	16.1	23.4	35.4	2019	10	28	0	49	45.35	2	0	0	289	237	-9	0.057	1
28071016	40.864303	28.298697	3.355	3629.1	-961.5	-3195	20.5	15.8	28.4	2019	10	28	7	10	17.39	1.6	0	0	96	117	-9	0.049	1
450524	40.885592	28.225142	7.208	-2571.3	1402.5	658.1	13.4	20.4	33.1	2019	10	28	9	25	33.61	2.1	0	0	196	179	-9	0.055	1
450529	40.887647	28.220843	8.732	-2933.6	1630.7	2182	18.9	22.7	52.8	2019	10	28	10	17	20.49	1.6	0	0	142	152	-9	0.057	1
450533	40.886658	28.221668	6.517	-2864	1520.9	-32.7	12.7	13	27.5	2019	10	28	11	9	12	1.8	0	0	167	184	-9	0.054	1
450670	40.885747	28.215741	6.489	-3363.7	1419.7	-60.3	13.9	15	29.3	2019	10	31	1	48	54.15	2	0	0	276	281	-9	0.056	1
450932	40.885686	28.196144	13.301	-5015.5	1413	6751.4	35.3	56.1	103.4	2019	11	4	22	39	57.5	2.4	0	0	16	13	-9	0.055	1
451985	40.858548	28.299	5.754	3654.9	-1600.5	-795.6	30.6	28	51.1	2019	11	7	3	17	12.04	1.8	0	0	50	43	-9	0.053	1
451996	40.874694	28.266615	6.562	924.5	192.3	12.5	14.5	16	33.5	2019	11	7	8	1	7.18	2	0	0	141	97	-9	0.052	1
452340	40.888025	28.219728	6.781	-3027.6	1672.6	231.3	13.8	25.7	58.8	2019	11	13	19	24	36.92	1.8	0	0	197	202	-9	0.055	1
452583	40.8821	28.193804	7.717	-5212.9	1014.7	1167.4	28.5	31.3	47.2	2019	11	18	22	59	25.12	2.1	0	0	49	43	-9	0.058	1
452703	40.879689	28.209511	8.444	-3889	747	1894.6	24.6	24.4	31	2019	11	21	2	50	53.56	2.1	0	0	174	123	-9	0.057	1
452874	40.884411	28.219037	8.069	-3085.9	1271.4	1519.3	13	18	29.5	2019	11	24	0	54	41.84	2.1	0	0	220	229	-9	0.058	1
454362	40.848892	28.250419	11.722	-440.8	-2672.7	5171.9	35.3	31.3	55.3	2019	12	18	13	19	3.05	2.1	0	0	2	3	-9	0.018	1
455401	40.864195	28.289628	10.347	2864.6	-973.4	3797.9	21.2	25.6	88.8	2019	12	23	12	9	57.32	1.9	0	0	11	25	-9	0.041	1
456064	40.878408	28.210003	8.88	-3847.6	604.7	2331.7	29.6	15.4	54.1	2020	1	5	0	13	32.57	1.8	0	0	29	18	-9	0.051	1
456426	40.871156	28.25694	8.454	109	-200.5	1904.2	32.2	25.7	73.1	2020	1	11	13	37	37.58	4.9	0	0	17	18	-9	0.063	1
456428	40.874278	28.255832	10.235	15.5	146.2	3685.5	54.3	46.5	108.5	2020	1	11	13	50	27.77	2	0	0	12	15	-9	0.049	1
456433	40.864952	28.23571	8.338	-1680.8	-889.4	1789.8	24.7	42.5	55.2	2020	1	11	14	32	13.2	1.3	0	0	4	1	-9	0.054	1
456448	40.851097	28.248243	9.023	-624.3	-2427.9	2473.5	28.7	32.5	58.7	2020	1	11	19	49	10.66	1.4	0	0	3	4	-9	0.028	1
456458	40.868263	28.265077	6.023	794.8	-521.7	-526.6	19.6	18.8	42.5	2020	1	12	0	15	18.37	2.6	0	0	121	121	-9	0.055	1
456463	40.865438	28.24774	4.78	-666.7	-835.4	-1769.1	31.8	29.5	40	2020	1	12	2	47	45.96	1.6	0	0	21	34	-9	0.056	1
456466	40.891719	28.221673	5.544	-2863.6	2082.9	-1005.7	32.7	25.3	51.8	2020	1	12	4	54	46.14	2	0	0	29	42	-9	0.053	1
456468	40.879448	28.265075	7.542	794.6	720.3	992.2	22.8	16.6	37.2	2020	1	12	5	11	8.01	1.7	0	0	9	14	-9	0.055	1